version 3
run General-0-20230614-18:05:51-10438
attr configname General
attr datetime 20230614-18:05:51
attr datetimef 20230614-180551
attr experiment General
attr inifile omnetpp.ini
attr iterationvars ""
attr iterationvarsd ""
attr iterationvarsf ""
attr measurement ""
attr network Network
attr processid 10438
attr repetition 0
attr replication #0
attr resultdir results
attr runnumber 0
attr seedset 0
config network Network
config sim-time-limit 200s
config Network.node[0].app.interArrivalTime exponential(1)
config Network.node[0].app.packetByteSize 125000
config Network.node[0].app.destination 5
config Network.node[2].app.interArrivalTime exponential(1)
config Network.node[2].app.packetByteSize 125000
config Network.node[2].app.destination 5

vector 0 Network.node[0].lnk[0] "Buffer Size" ETV
vector 1 Network.node[1].lnk[0] "Buffer Size" ETV
vector 2 Network.node[2].lnk[0] "Buffer Size" ETV
vector 3 Network.node[3].lnk[0] "Buffer Size" ETV
vector 4 Network.node[4].lnk[0] "Buffer Size" ETV
vector 5 Network.node[5].lnk[0] "Buffer Size" ETV
vector 6 Network.node[6].lnk[0] "Buffer Size" ETV
vector 7 Network.node[7].lnk[0] "Buffer Size" ETV
vector 8 Network.node[0].net Lnk_Selected ETV
vector 9 Network.node[2].net Lnk_Selected ETV
vector 10 Network.node[2].lnk[1] "Buffer Size" ETV
vector 11 Network.node[7].net Lnk_Selected ETV
vector 12 Network.node[3].net Lnk_Selected ETV
vector 13 Network.node[3].lnk[1] "Buffer Size" ETV
vector 14 Network.node[6].net Lnk_Selected ETV
vector 15 Network.node[4].net Lnk_Selected ETV
vector 16 Network.node[4].lnk[1] "Buffer Size" ETV
vector 17 Network.node[5].net Hops ETV
vector 18 Network.node[5].app Delay ETV
0	1	0	1
0	9	0	0
0	42	0.0001	1
0	50	0.0001	0
0	83	0.0002	1
0	91	0.0002	0
0	124	0.0003	1
0	132	0.0003	0
0	165	0.0004	1
0	173	0.0004	0
0	206	0.0005	1
0	214	0.0005	0
0	247	0.0006	1
0	255	0.0006	0
0	288	0.0007	1
0	296	0.0007	0
0	323	0.898560388484	1
0	324	0.898560388484	0
0	327	1.821783519955	1
0	332	1.898560388484	0
0	357	3.773328855839	1
0	358	3.773328855839	0
0	380	4.324377342509	1
0	385	4.773328855839	0
0	405	5.301383768902	1
0	415	5.773328855839	0
0	427	5.786511932624	1
0	437	6.139671071762	2
0	440	6.198055740855	3
0	451	6.773328855839	2
0	479	7.773328855839	1
0	509	8.773328855839	0
0	533	9.512968020783	1
0	538	9.773328855839	0
0	581	11.081864138406	1
0	582	11.081864138406	0
0	611	11.834538251719	1
0	612	12.081864138406	0
0	639	12.673971104619	1
0	644	13.081864138406	0
0	698	14.482340368894	1
0	699	14.482340368894	0
0	702	14.556025724359	1
0	705	14.967603720602	2
0	708	15.058764746726	3
0	738	15.482340368894	2
0	752	16.103377255034	3
0	767	16.482340368894	2
0	791	17.482340368894	1
0	822	18.482340368894	0
0	844	19.25354718371	1
0	859	19.482340368894	0
0	906	21.294439399622	1
0	907	21.294439399622	0
0	933	21.9361485723	1
0	934	22.294439399622	0
0	978	23.541388129362	1
0	979	23.541388129362	0
0	1004	25.155390204255	1
0	1005	25.155390204255	0
0	1020	25.890354625445	1
0	1026	26.155390204255	0
0	1037	27.026293567155	1
0	1050	27.152167976593	2
0	1051	27.155390204255	1
0	1074	28.155390204255	0
0	1099	28.427395678817	1
0	1102	28.582125359317	2
0	1110	29.155390204255	1
0	1136	29.352960017784	2
0	1137	30.155390204255	1
0	1167	30.774324697878	2
0	1168	31.155390204255	1
0	1193	31.512151989634	2
0	1196	31.624098150267	3
0	1201	32.155390204255	2
0	1217	32.159663870495	3
0	1224	32.466944222648	4
0	1230	32.673147504678	5
0	1236	33.155390204255	4
0	1262	34.008437689302	5
0	1267	34.155390204255	4
0	1286	34.617520112485	5
0	1289	34.762798139777	6
0	1292	34.781766708978	7
0	1307	35.155390204255	6
0	1323	35.173537519655	7
0	1346	36.134918458721	8
0	1347	36.155390204255	7
0	1366	36.386360390796	8
0	1369	36.874917440104	9
0	1384	37.155390204255	8
0	1415	38.155390204255	7
0	1443	39.155390204255	6
0	1462	39.752832461382	7
0	1477	40.155390204255	6
0	1493	40.3505785382	7
0	1499	40.796097033251	8
0	1514	41.155390204255	7
0	1530	41.370629439992	8
0	1548	42.155390204255	7
0	1585	43.155390204255	6
0	1601	43.696980501686	7
0	1616	44.155390204255	6
0	1632	44.795892969237	7
0	1647	45.155390204255	6
0	1663	45.854727100725	7
0	1678	46.155390204255	6
0	1704	46.965324546412	7
0	1716	47.10335323484	8
0	1717	47.155390204255	7
0	1746	48.155390204255	6
0	1762	48.492395924631	7
0	1778	48.944497984856	8
0	1785	49.155390204255	7
0	1818	49.788925778384	8
0	1819	50.155390204255	7
0	1850	51.155390204255	6
0	1878	52.155390204255	5
0	1906	53.155390204255	4
0	1940	54.155390204255	3
0	1956	54.24342262456	4
0	1959	54.477724143336	5
0	1977	55.155390204255	4
0	1996	55.485743388756	5
0	2011	56.155390204255	4
0	2041	56.54448610385	5
0	2042	57.155390204255	4
0	2058	57.416401957476	5
0	2075	57.708482490743	6
0	2076	58.155390204255	5
0	2092	58.243547167826	6
0	2109	58.871488748817	7
0	2110	59.155390204255	6
0	2126	59.51526975042	7
0	2143	59.795546758899	8
0	2144	60.155390204255	7
0	2178	60.77241083297	8
0	2185	61.155390204255	7
0	2201	61.184912062892	8
0	2219	62.155390204255	7
0	2235	62.252984260042	8
0	2238	62.401696529294	9
0	2259	63.155390204255	8
0	2289	63.908331862567	9
0	2290	64.155390204255	8
0	2306	64.368345820307	9
0	2321	65.155390204255	8
0	2337	65.454615201185	9
0	2361	66.155390204255	8
0	2392	67.155390204255	7
0	2408	67.174946858902	8
0	2423	68.155390204255	7
0	2439	68.294761224656	8
0	2442	68.395795999965	9
0	2460	69.155390204255	8
0	2488	70.155390204255	7
0	2516	71.155390204255	6
0	2546	71.969384372309	7
0	2547	72.155390204255	6
0	2577	73.155390204255	5
0	2605	74.074705673101	6
0	2608	74.132032599525	7
0	2609	74.155390204255	6
0	2635	75.060511096426	7
0	2636	75.155390204255	6
0	2666	75.660457983067	7
0	2667	76.155390204255	6
0	2692	77.004703255219	7
0	2695	77.024893383365	8
0	2698	77.064869682423	9
0	2699	77.155390204255	8
0	2723	77.64774807129	9
0	2730	78.155390204255	8
0	2755	79.155390204255	7
0	2785	80.155390204255	6
0	2819	81.155390204255	5
0	2849	81.539318194135	6
0	2852	82.074202569892	7
0	2853	82.155390204255	6
0	2884	83.155390204255	5
0	2918	84.155390204255	4
0	2948	84.578114352977	5
0	2952	85.155390204255	4
0	2982	85.410957869043	5
0	2989	86.155390204255	4
0	3020	87.155390204255	3
0	3053	87.41419839155	4
0	3056	87.512848699968	5
0	3057	88.155390204255	4
0	3085	89.155390204255	3
0	3118	90.053153207927	4
0	3121	90.139923690267	5
0	3122	90.155390204255	4
0	3156	91.155390204255	3
0	3190	92.155390204255	2
0	3223	92.789179618943	3
0	3226	92.930510332504	4
0	3227	93.155390204255	3
0	3257	93.972290986683	4
0	3258	94.155390204255	3
0	3289	95.155390204255	2
0	3305	95.232224796792	3
0	3322	95.573878963818	4
0	3325	95.88139668758	5
0	3331	96.083747126147	6
0	3332	96.155390204255	5
0	3365	96.966876168106	6
0	3368	96.987188626902	7
0	3369	97.155390204255	6
0	3385	97.167440878887	7
0	3412	98.155390204255	6
0	3442	98.9331819513	7
0	3446	99.155390204255	6
0	3479	99.776264983448	7
0	3480	100.155390204255	6
0	3516	101.105022857198	7
0	3517	101.155390204255	6
0	3547	101.672927010678	7
0	3550	101.958947983186	8
0	3551	102.155390204255	7
0	3579	103.155390204255	6
0	3595	103.36997239248	7
0	3610	104.155390204255	6
0	3626	104.228365360309	7
0	3646	104.732709166897	8
0	3647	105.155390204255	7
0	3681	106.155390204255	6
0	3711	106.996442742758	7
0	3715	107.155390204255	6
0	3731	107.248862735649	7
0	3746	108.155390204255	6
0	3774	109.155390204255	5
0	3805	110.155390204255	4
0	3821	110.301144392533	5
0	3841	110.893768419985	6
0	3845	111.155390204255	5
0	3873	112.155390204255	4
1	2	0	1
1	10	0	0
1	43	0.0001	1
1	51	0.0001	0
1	84	0.0002	1
1	92	0.0002	0
1	125	0.0003	1
1	133	0.0003	0
1	166	0.0004	1
1	174	0.0004	0
1	207	0.0005	1
1	215	0.0005	0
1	248	0.0006	1
1	256	0.0006	0
1	281	0.0007	1
1	289	0.0007	0
2	3	0	1
2	11	0	0
2	44	0.0001	1
2	52	0.0001	0
2	85	0.0002	1
2	93	0.0002	0
2	126	0.0003	1
2	134	0.0003	0
2	167	0.0004	1
2	175	0.0004	0
2	208	0.0005	1
2	216	0.0005	0
2	241	0.0006	1
2	249	0.0006	0
2	282	0.0007	1
2	290	0.0007	0
3	4	0	1
3	12	0	0
3	45	0.0001	1
3	53	0.0001	0
3	86	0.0002	1
3	94	0.0002	0
3	127	0.0003	1
3	135	0.0003	0
3	168	0.0004	1
3	176	0.0004	0
3	201	0.0005	1
3	209	0.0005	0
3	242	0.0006	1
3	250	0.0006	0
3	283	0.0007	1
3	291	0.0007	0
4	5	0	1
4	13	0	0
4	46	0.0001	1
4	54	0.0001	0
4	87	0.0002	1
4	95	0.0002	0
4	128	0.0003	1
4	136	0.0003	0
4	161	0.0004	1
4	169	0.0004	0
4	202	0.0005	1
4	210	0.0005	0
4	243	0.0006	1
4	251	0.0006	0
4	284	0.0007	1
4	292	0.0007	0
5	6	0	1
5	14	0	0
5	47	0.0001	1
5	55	0.0001	0
5	88	0.0002	1
5	96	0.0002	0
5	121	0.0003	1
5	129	0.0003	0
5	162	0.0004	1
5	170	0.0004	0
5	203	0.0005	1
5	211	0.0005	0
5	244	0.0006	1
5	252	0.0006	0
5	285	0.0007	1
5	293	0.0007	0
6	7	0	1
6	15	0	0
6	48	0.0001	1
6	56	0.0001	0
6	81	0.0002	1
6	89	0.0002	0
6	122	0.0003	1
6	130	0.0003	0
6	163	0.0004	1
6	171	0.0004	0
6	204	0.0005	1
6	212	0.0005	0
6	245	0.0006	1
6	253	0.0006	0
6	286	0.0007	1
6	294	0.0007	0
6	353	2.898760388484	1
6	354	2.898760388484	0
6	373	3.898760388484	1
6	374	3.898760388484	0
6	423	5.773528855839	1
6	424	5.773528855839	0
6	460	6.773528855839	1
6	461	6.773528855839	0
6	488	7.773528855839	1
6	489	7.773528855839	0
6	518	8.773528855839	1
6	519	8.773528855839	0
6	547	9.773528855839	1
6	548	9.773528855839	0
6	574	10.773528855839	1
6	575	10.773528855839	0
6	604	11.773528855839	1
6	605	11.773528855839	0
6	652	13.082064138406	1
6	653	13.082064138406	0
6	677	14.082064138406	1
6	678	14.082064138406	0
6	713	15.082064138406	1
6	714	15.082064138406	0
6	775	16.482540368894	1
6	776	16.482540368894	0
6	800	17.482540368894	1
6	801	17.482540368894	0
6	831	18.482540368894	1
6	832	18.482540368894	0
6	868	19.482540368894	1
6	869	19.482540368894	0
6	896	20.482540368894	1
6	897	20.482540368894	0
6	926	21.482540368894	1
6	927	21.482540368894	0
6	965	23.294639399622	1
6	966	23.294639399622	0
6	984	24.294639399622	1
6	985	24.294639399622	0
6	1013	25.541588129362	1
6	1014	25.541588129362	0
6	1059	27.155590204255	1
6	1060	27.155590204255	0
6	1083	28.155590204255	1
6	1084	28.155590204255	0
6	1119	29.155590204255	1
6	1120	29.155590204255	0
6	1146	30.155590204255	1
6	1147	30.155590204255	0
6	1177	31.155590204255	1
6	1178	31.155590204255	0
6	1210	32.155590204255	1
6	1211	32.155590204255	0
6	1245	33.155590204255	1
6	1246	33.155590204255	0
6	1276	34.155590204255	1
6	1277	34.155590204255	0
6	1316	35.155590204255	1
6	1317	35.155590204255	0
6	1356	36.155590204255	1
6	1357	36.155590204255	0
6	1393	37.155590204255	1
6	1394	37.155590204255	0
6	1424	38.155590204255	1
6	1425	38.155590204255	0
6	1452	39.155590204255	1
6	1453	39.155590204255	0
6	1486	40.155590204255	1
6	1487	40.155590204255	0
6	1523	41.155590204255	1
6	1524	41.155590204255	0
6	1557	42.155590204255	1
6	1558	42.155590204255	0
6	1594	43.155590204255	1
6	1595	43.155590204255	0
6	1625	44.155590204255	1
6	1626	44.155590204255	0
6	1656	45.155590204255	1
6	1657	45.155590204255	0
6	1687	46.155590204255	1
6	1688	46.155590204255	0
6	1726	47.155590204255	1
6	1727	47.155590204255	0
6	1755	48.155590204255	1
6	1756	48.155590204255	0
6	1794	49.155590204255	1
6	1795	49.155590204255	0
6	1828	50.155590204255	1
6	1829	50.155590204255	0
6	1859	51.155590204255	1
6	1860	51.155590204255	0
6	1887	52.155590204255	1
6	1888	52.155590204255	0
6	1915	53.155590204255	1
6	1916	53.155590204255	0
6	1949	54.155590204255	1
6	1950	54.155590204255	0
6	1986	55.155590204255	1
6	1987	55.155590204255	0
6	2020	56.155590204255	1
6	2021	56.155590204255	0
6	2051	57.155590204255	1
6	2052	57.155590204255	0
6	2085	58.155590204255	1
6	2086	58.155590204255	0
6	2119	59.155590204255	1
6	2120	59.155590204255	0
6	2153	60.155590204255	1
6	2154	60.155590204255	0
6	2194	61.155590204255	1
6	2195	61.155590204255	0
6	2228	62.155590204255	1
6	2229	62.155590204255	0
6	2268	63.155590204255	1
6	2269	63.155590204255	0
6	2299	64.155590204255	1
6	2300	64.155590204255	0
6	2330	65.155590204255	1
6	2331	65.155590204255	0
6	2370	66.155590204255	1
6	2371	66.155590204255	0
6	2401	67.155590204255	1
6	2402	67.155590204255	0
6	2432	68.155590204255	1
6	2433	68.155590204255	0
6	2469	69.155590204255	1
6	2470	69.155590204255	0
6	2497	70.155590204255	1
6	2498	70.155590204255	0
6	2525	71.155590204255	1
6	2526	71.155590204255	0
6	2556	72.155590204255	1
6	2557	72.155590204255	0
6	2586	73.155590204255	1
6	2587	73.155590204255	0
6	2618	74.155590204255	1
6	2619	74.155590204255	0
6	2645	75.155590204255	1
6	2646	75.155590204255	0
6	2676	76.155590204255	1
6	2677	76.155590204255	0
6	2708	77.155590204255	1
6	2709	77.155590204255	0
6	2739	78.155590204255	1
6	2740	78.155590204255	0
6	2764	79.155590204255	1
6	2765	79.155590204255	0
6	2794	80.155590204255	1
6	2795	80.155590204255	0
6	2828	81.155590204255	1
6	2829	81.155590204255	0
6	2862	82.155590204255	1
6	2863	82.155590204255	0
6	2893	83.155590204255	1
6	2894	83.155590204255	0
6	2927	84.155590204255	1
6	2928	84.155590204255	0
6	2961	85.155590204255	1
6	2962	85.155590204255	0
6	2998	86.155590204255	1
6	2999	86.155590204255	0
6	3029	87.155590204255	1
6	3030	87.155590204255	0
6	3066	88.155590204255	1
6	3067	88.155590204255	0
6	3094	89.155590204255	1
6	3095	89.155590204255	0
6	3131	90.155590204255	1
6	3132	90.155590204255	0
6	3165	91.155590204255	1
6	3166	91.155590204255	0
6	3199	92.155590204255	1
6	3200	92.155590204255	0
6	3236	93.155590204255	1
6	3237	93.155590204255	0
6	3267	94.155590204255	1
6	3268	94.155590204255	0
6	3298	95.155590204255	1
6	3299	95.155590204255	0
6	3341	96.155590204255	1
6	3342	96.155590204255	0
6	3378	97.155590204255	1
6	3379	97.155590204255	0
6	3421	98.155590204255	1
6	3422	98.155590204255	0
6	3455	99.155590204255	1
6	3456	99.155590204255	0
6	3489	100.155590204255	1
6	3490	100.155590204255	0
6	3526	101.155590204255	1
6	3527	101.155590204255	0
6	3560	102.155590204255	1
6	3561	102.155590204255	0
6	3588	103.155590204255	1
6	3589	103.155590204255	0
6	3619	104.155590204255	1
6	3620	104.155590204255	0
6	3656	105.155590204255	1
6	3657	105.155590204255	0
6	3690	106.155590204255	1
6	3691	106.155590204255	0
6	3724	107.155590204255	1
6	3725	107.155590204255	0
6	3755	108.155590204255	1
6	3756	108.155590204255	0
6	3783	109.155590204255	1
6	3784	109.155590204255	0
6	3814	110.155590204255	1
6	3815	110.155590204255	0
6	3854	111.155590204255	1
6	3855	111.155590204255	0
6	3882	112.155590204255	1
6	3883	112.155590204255	0
7	8	0	1
7	16	0	0
7	41	0.0001	1
7	49	0.0001	0
7	82	0.0002	1
7	90	0.0002	0
7	123	0.0003	1
7	131	0.0003	0
7	164	0.0004	1
7	172	0.0004	0
7	205	0.0005	1
7	213	0.0005	0
7	246	0.0006	1
7	254	0.0006	0
7	287	0.0007	1
7	295	0.0007	0
7	335	1.898660388484	1
7	336	1.898660388484	0
7	349	2.898660388484	1
7	350	2.898660388484	0
7	388	4.773428855839	1
7	389	4.773428855839	0
7	419	5.773428855839	1
7	420	5.773428855839	0
7	455	6.773428855839	1
7	456	6.773428855839	0
7	483	7.773428855839	1
7	484	7.773428855839	0
7	513	8.773428855839	1
7	514	8.773428855839	0
7	542	9.773428855839	1
7	543	9.773428855839	0
7	569	10.773428855839	1
7	570	10.773428855839	0
7	615	12.081964138406	1
7	616	12.081964138406	0
7	648	13.081964138406	1
7	649	13.081964138406	0
7	672	14.081964138406	1
7	673	14.081964138406	0
7	741	15.482440368894	1
7	742	15.482440368894	0
7	771	16.482440368894	1
7	772	16.482440368894	0
7	795	17.482440368894	1
7	796	17.482440368894	0
7	826	18.482440368894	1
7	827	18.482440368894	0
7	863	19.482440368894	1
7	864	19.482440368894	0
7	891	20.482440368894	1
7	892	20.482440368894	0
7	937	22.294539399622	1
7	938	22.294539399622	0
7	961	23.294539399622	1
7	962	23.294539399622	0
7	996	24.541488129362	1
7	997	24.541488129362	0
7	1029	26.155490204255	1
7	1030	26.155490204255	0
7	1055	27.155490204255	1
7	1056	27.155490204255	0
7	1078	28.155490204255	1
7	1079	28.155490204255	0
7	1114	29.155490204255	1
7	1115	29.155490204255	0
7	1141	30.155490204255	1
7	1142	30.155490204255	0
7	1172	31.155490204255	1
7	1173	31.155490204255	0
7	1205	32.155490204255	1
7	1206	32.155490204255	0
7	1240	33.155490204255	1
7	1241	33.155490204255	0
7	1271	34.155490204255	1
7	1272	34.155490204255	0
7	1311	35.155490204255	1
7	1312	35.155490204255	0
7	1351	36.155490204255	1
7	1352	36.155490204255	0
7	1388	37.155490204255	1
7	1389	37.155490204255	0
7	1419	38.155490204255	1
7	1420	38.155490204255	0
7	1447	39.155490204255	1
7	1448	39.155490204255	0
7	1481	40.155490204255	1
7	1482	40.155490204255	0
7	1518	41.155490204255	1
7	1519	41.155490204255	0
7	1552	42.155490204255	1
7	1553	42.155490204255	0
7	1589	43.155490204255	1
7	1590	43.155490204255	0
7	1620	44.155490204255	1
7	1621	44.155490204255	0
7	1651	45.155490204255	1
7	1652	45.155490204255	0
7	1682	46.155490204255	1
7	1683	46.155490204255	0
7	1721	47.155490204255	1
7	1722	47.155490204255	0
7	1750	48.155490204255	1
7	1751	48.155490204255	0
7	1789	49.155490204255	1
7	1790	49.155490204255	0
7	1823	50.155490204255	1
7	1824	50.155490204255	0
7	1854	51.155490204255	1
7	1855	51.155490204255	0
7	1882	52.155490204255	1
7	1883	52.155490204255	0
7	1910	53.155490204255	1
7	1911	53.155490204255	0
7	1944	54.155490204255	1
7	1945	54.155490204255	0
7	1981	55.155490204255	1
7	1982	55.155490204255	0
7	2015	56.155490204255	1
7	2016	56.155490204255	0
7	2046	57.155490204255	1
7	2047	57.155490204255	0
7	2080	58.155490204255	1
7	2081	58.155490204255	0
7	2114	59.155490204255	1
7	2115	59.155490204255	0
7	2148	60.155490204255	1
7	2149	60.155490204255	0
7	2189	61.155490204255	1
7	2190	61.155490204255	0
7	2223	62.155490204255	1
7	2224	62.155490204255	0
7	2263	63.155490204255	1
7	2264	63.155490204255	0
7	2294	64.155490204255	1
7	2295	64.155490204255	0
7	2325	65.155490204255	1
7	2326	65.155490204255	0
7	2365	66.155490204255	1
7	2366	66.155490204255	0
7	2396	67.155490204255	1
7	2397	67.155490204255	0
7	2427	68.155490204255	1
7	2428	68.155490204255	0
7	2464	69.155490204255	1
7	2465	69.155490204255	0
7	2492	70.155490204255	1
7	2493	70.155490204255	0
7	2520	71.155490204255	1
7	2521	71.155490204255	0
7	2551	72.155490204255	1
7	2552	72.155490204255	0
7	2581	73.155490204255	1
7	2582	73.155490204255	0
7	2613	74.155490204255	1
7	2614	74.155490204255	0
7	2640	75.155490204255	1
7	2641	75.155490204255	0
7	2671	76.155490204255	1
7	2672	76.155490204255	0
7	2703	77.155490204255	1
7	2704	77.155490204255	0
7	2734	78.155490204255	1
7	2735	78.155490204255	0
7	2759	79.155490204255	1
7	2760	79.155490204255	0
7	2789	80.155490204255	1
7	2790	80.155490204255	0
7	2823	81.155490204255	1
7	2824	81.155490204255	0
7	2857	82.155490204255	1
7	2858	82.155490204255	0
7	2888	83.155490204255	1
7	2889	83.155490204255	0
7	2922	84.155490204255	1
7	2923	84.155490204255	0
7	2956	85.155490204255	1
7	2957	85.155490204255	0
7	2993	86.155490204255	1
7	2994	86.155490204255	0
7	3024	87.155490204255	1
7	3025	87.155490204255	0
7	3061	88.155490204255	1
7	3062	88.155490204255	0
7	3089	89.155490204255	1
7	3090	89.155490204255	0
7	3126	90.155490204255	1
7	3127	90.155490204255	0
7	3160	91.155490204255	1
7	3161	91.155490204255	0
7	3194	92.155490204255	1
7	3195	92.155490204255	0
7	3231	93.155490204255	1
7	3232	93.155490204255	0
7	3262	94.155490204255	1
7	3263	94.155490204255	0
7	3293	95.155490204255	1
7	3294	95.155490204255	0
7	3336	96.155490204255	1
7	3337	96.155490204255	0
7	3373	97.155490204255	1
7	3374	97.155490204255	0
7	3416	98.155490204255	1
7	3417	98.155490204255	0
7	3450	99.155490204255	1
7	3451	99.155490204255	0
7	3484	100.155490204255	1
7	3485	100.155490204255	0
7	3521	101.155490204255	1
7	3522	101.155490204255	0
7	3555	102.155490204255	1
7	3556	102.155490204255	0
7	3583	103.155490204255	1
7	3584	103.155490204255	0
7	3614	104.155490204255	1
7	3615	104.155490204255	0
7	3651	105.155490204255	1
7	3652	105.155490204255	0
7	3685	106.155490204255	1
7	3686	106.155490204255	0
7	3719	107.155490204255	1
7	3720	107.155490204255	0
7	3750	108.155490204255	1
7	3751	108.155490204255	0
7	3778	109.155490204255	1
7	3779	109.155490204255	0
7	3809	110.155490204255	1
7	3810	110.155490204255	0
7	3849	111.155490204255	1
7	3850	111.155490204255	0
7	3877	112.155490204255	1
7	3878	112.155490204255	0
8	322	0.898560388484	0
8	326	1.821783519955	0
8	356	3.773328855839	0
8	379	4.324377342509	0
8	404	5.301383768902	0
8	426	5.786511932624	0
8	436	6.139671071762	0
8	439	6.198055740855	0
8	532	9.512968020783	0
8	580	11.081864138406	0
8	610	11.834538251719	0
8	638	12.673971104619	0
8	697	14.482340368894	0
8	701	14.556025724359	0
8	704	14.967603720602	0
8	707	15.058764746726	0
8	751	16.103377255034	0
8	843	19.25354718371	0
8	905	21.294439399622	0
8	932	21.9361485723	0
8	977	23.541388129362	0
8	1003	25.155390204255	0
8	1019	25.890354625445	0
8	1036	27.026293567155	0
8	1049	27.152167976593	0
8	1098	28.427395678817	0
8	1101	28.582125359317	0
8	1135	29.352960017784	0
8	1166	30.774324697878	0
8	1192	31.512151989634	0
8	1195	31.624098150267	0
8	1216	32.159663870495	0
8	1223	32.466944222648	0
8	1229	32.673147504678	0
8	1261	34.008437689302	0
8	1285	34.617520112485	0
8	1288	34.762798139777	0
8	1291	34.781766708978	0
8	1322	35.173537519655	0
8	1345	36.134918458721	0
8	1365	36.386360390796	0
8	1368	36.874917440104	0
8	1461	39.752832461382	0
8	1492	40.3505785382	0
8	1498	40.796097033251	0
8	1529	41.370629439992	0
8	1600	43.696980501686	0
8	1631	44.795892969237	0
8	1662	45.854727100725	0
8	1703	46.965324546412	0
8	1715	47.10335323484	0
8	1761	48.492395924631	0
8	1777	48.944497984856	0
8	1817	49.788925778384	0
8	1955	54.24342262456	0
8	1958	54.477724143336	0
8	1995	55.485743388756	0
8	2040	56.54448610385	0
8	2057	57.416401957476	0
8	2074	57.708482490743	0
8	2091	58.243547167826	0
8	2108	58.871488748817	0
8	2125	59.51526975042	0
8	2142	59.795546758899	0
8	2177	60.77241083297	0
8	2200	61.184912062892	0
8	2234	62.252984260042	0
8	2237	62.401696529294	0
8	2288	63.908331862567	0
8	2305	64.368345820307	0
8	2336	65.454615201185	0
8	2407	67.174946858902	0
8	2438	68.294761224656	0
8	2441	68.395795999965	0
8	2545	71.969384372309	0
8	2604	74.074705673101	0
8	2607	74.132032599525	0
8	2634	75.060511096426	0
8	2665	75.660457983067	0
8	2691	77.004703255219	0
8	2694	77.024893383365	0
8	2697	77.064869682423	0
8	2722	77.64774807129	0
8	2848	81.539318194135	0
8	2851	82.074202569892	0
8	2947	84.578114352977	0
8	2981	85.410957869043	0
8	3052	87.41419839155	0
8	3055	87.512848699968	0
8	3117	90.053153207927	0
8	3120	90.139923690267	0
8	3222	92.789179618943	0
8	3225	92.930510332504	0
8	3256	93.972290986683	0
8	3304	95.232224796792	0
8	3321	95.573878963818	0
8	3324	95.88139668758	0
8	3330	96.083747126147	0
8	3364	96.966876168106	0
8	3367	96.987188626902	0
8	3384	97.167440878887	0
8	3441	98.9331819513	0
8	3478	99.776264983448	0
8	3515	101.105022857198	0
8	3546	101.672927010678	0
8	3549	101.958947983186	0
8	3594	103.36997239248	0
8	3625	104.228365360309	0
8	3645	104.732709166897	0
8	3710	106.996442742758	0
8	3730	107.248862735649	0
8	3820	110.301144392533	0
8	3840	110.893768419985	0
9	329	1.859604212075	1
9	338	2.646805352057	1
9	382	4.52576940626	1
9	412	5.563928706924	1
9	433	6.139447903807	1
9	494	8.362972325843	1
9	507	8.681328466685	1
9	524	9.164930571633	1
9	553	9.814376919884	1
9	598	11.486588120209	1
9	618	12.14047068743	1
9	635	12.639342696446	1
9	719	15.237596782295	1
9	722	15.258022370694	1
9	744	15.717270507949	1
9	806	17.504758171388	1
9	837	19.010542430025	1
9	840	19.16177328369	1
9	902	21.202087541632	1
9	999	25.047309410774	1
9	1016	25.666238870401	1
9	1062	27.182774844391	1
9	1094	28.20420671874	1
9	1108	29.076527913782	1
9	1198	31.970948391769	1
9	1226	32.6126430938	1
9	1264	34.100897919552	1
9	1282	34.344946410289	1
9	1325	35.185281115901	1
9	1328	35.347417605347	1
9	1362	36.294414282522	1
9	1399	37.25396225989	1
9	1458	39.582875634104	1
9	1495	40.728014588804	1
9	1532	41.677509172301	1
9	1563	42.873616971758	1
9	1566	42.978178197533	1
9	1569	43.040293487999	1
9	1693	46.540507172454	1
9	1697	46.727933238472	1
9	1700	46.964139944555	1
9	1732	47.407543973176	1
9	1740	47.786505937459	1
9	1774	48.72256749723	1
9	1780	49.115680054534	1
9	1783	49.154863210947	1
9	1814	49.732187521754	1
9	1848	50.738058526921	1
9	1935	53.931005168975	1
9	1938	54.038640277131	1
9	1975	55.096466690483	1
9	1992	55.272380235909	1
9	2173	60.632480586152	1
9	2180	60.805608042298	1
9	2183	60.92256345209	1
9	2217	62.045731753623	1
9	2240	62.427287596997	1
9	2257	62.646168193504	1
9	2353	65.633358085356	1
9	2356	65.647022663787	1
9	2359	65.749167545312	1
9	2390	66.724269479468	1
9	2444	68.544088398752	1
9	2562	72.293119858336	1
9	2575	72.925456454732	1
9	2601	73.638040048065	1
9	2718	77.399967332569	1
9	2725	77.732377573533	1
9	2728	77.860434338844	1
9	2745	78.305853800764	1
9	2753	78.657029890145	1
9	2770	79.312676174509	1
9	2783	79.439064810934	1
9	2814	80.605938337483	1
9	2817	80.988639286345	1
9	2882	83.112876483347	1
9	2899	83.179173884829	1
9	2916	83.423569332911	1
9	2950	84.602758859976	1
9	2984	85.438856391946	1
9	2987	85.747271232044	1
9	3018	86.458519169261	1
9	3035	87.199278119708	1
9	3114	89.684860476685	1
9	3151	90.542756117759	1
9	3154	90.868096533288	1
9	3171	91.251656747387	1
9	3174	91.261057498051	1
9	3205	92.361903408142	1
9	3273	94.209231059144	1
9	3327	96.050513530631	1
9	3361	96.557713653888	1
9	3387	97.362511053689	1
9	3404	97.824241949733	1
9	3407	97.828948490225	1
9	3410	97.987289996456	1
9	3444	99.119924138428	1
9	3475	99.434645799283	1
9	3509	100.65115445272	1
9	3512	100.991501190955	1
9	3628	104.26664436867	1
9	3662	105.163235239456	1
9	3679	106.01245605102	1
9	3713	107.031114781039	1
9	3789	109.252621679513	1
9	3823	110.392229643046	1
9	3843	110.988609037376	1
10	330	1.859604212075	1
10	331	1.859604212075	0
10	339	2.646805352057	1
10	340	2.859604212075	0
10	383	4.52576940626	1
10	384	4.52576940626	0
10	413	5.563928706924	1
10	414	5.563928706924	0
10	434	6.139447903807	1
10	446	6.563928706924	0
10	495	8.362972325843	1
10	496	8.362972325843	0
10	508	8.681328466685	1
10	525	9.164930571633	2
10	526	9.362972325843	1
10	554	9.814376919884	2
10	555	10.362972325843	1
10	583	11.362972325843	0
10	599	11.486588120209	1
10	619	12.14047068743	2
10	620	12.362972325843	1
10	636	12.639342696446	2
10	654	13.362972325843	1
10	682	14.362972325843	0
10	720	15.237596782295	1
10	723	15.258022370694	2
10	724	15.362972325843	1
10	745	15.717270507949	2
10	753	16.362972325843	1
10	777	17.362972325843	0
10	807	17.504758171388	1
10	808	18.362972325843	0
10	838	19.010542430025	1
10	841	19.16177328369	2
10	845	19.362972325843	1
10	873	20.362972325843	0
10	903	21.202087541632	1
10	908	21.362972325843	0
10	1000	25.047309410774	1
10	1001	25.047309410774	0
10	1017	25.666238870401	1
10	1021	26.047309410774	0
10	1063	27.182774844391	1
10	1064	27.182774844391	0
10	1095	28.20420671874	1
10	1096	28.20420671874	0
10	1109	29.076527913782	1
10	1129	29.20420671874	0
10	1199	31.970948391769	1
10	1200	31.970948391769	0
10	1227	32.6126430938	1
10	1231	32.970948391769	0
10	1265	34.100897919552	1
10	1266	34.100897919552	0
10	1283	34.344946410289	1
10	1302	35.100897919552	0
10	1326	35.185281115901	1
10	1329	35.347417605347	2
10	1334	36.100897919552	1
10	1363	36.294414282522	2
10	1370	37.100897919552	1
10	1400	37.25396225989	2
10	1401	38.100897919552	1
10	1429	39.100897919552	0
10	1459	39.582875634104	1
10	1463	40.100897919552	0
10	1496	40.728014588804	1
10	1500	41.100897919552	0
10	1533	41.677509172301	1
10	1534	42.100897919552	0
10	1564	42.873616971758	1
10	1567	42.978178197533	2
10	1570	43.040293487999	3
10	1571	43.100897919552	2
10	1602	44.100897919552	1
10	1633	45.100897919552	0
10	1694	46.540507172454	1
10	1695	46.540507172454	0
10	1698	46.727933238472	1
10	1701	46.964139944555	2
10	1733	47.407543973176	3
10	1734	47.540507172454	2
10	1741	47.786505937459	3
10	1763	48.540507172454	2
10	1775	48.72256749723	3
10	1781	49.115680054534	4
10	1784	49.154863210947	5
10	1799	49.540507172454	4
10	1815	49.732187521754	5
10	1833	50.540507172454	4
10	1849	50.738058526921	5
10	1864	51.540507172454	4
10	1892	52.540507172454	3
10	1920	53.540507172454	2
10	1936	53.931005168975	3
10	1939	54.038640277131	4
10	1960	54.540507172454	3
10	1976	55.096466690483	4
10	1993	55.272380235909	5
10	1997	55.540507172454	4
10	2025	56.540507172454	3
10	2059	57.540507172454	2
10	2093	58.540507172454	1
10	2127	59.540507172454	0
10	2174	60.632480586152	1
10	2175	60.632480586152	0
10	2181	60.805608042298	1
10	2184	60.92256345209	2
10	2211	61.632480586152	1
10	2218	62.045731753623	2
10	2241	62.427287596997	3
10	2246	62.632480586152	2
10	2258	62.646168193504	3
10	2273	63.632480586152	2
10	2307	64.632480586152	1
10	2338	65.632480586152	0
10	2354	65.633358085356	1
10	2357	65.647022663787	2
10	2360	65.749167545312	3
10	2375	66.632480586152	2
10	2391	66.724269479468	3
10	2409	67.632480586152	2
10	2445	68.544088398752	3
10	2446	68.632480586152	2
10	2474	69.632480586152	1
10	2502	70.632480586152	0
10	2563	72.293119858336	1
10	2564	72.293119858336	0
10	2576	72.925456454732	1
10	2591	73.293119858336	0
10	2602	73.638040048065	1
10	2623	74.293119858336	0
10	2719	77.399967332569	1
10	2720	77.399967332569	0
10	2726	77.732377573533	1
10	2729	77.860434338844	2
10	2746	78.305853800764	3
10	2747	78.399967332569	2
10	2754	78.657029890145	3
10	2771	79.312676174509	4
10	2772	79.399967332569	3
10	2784	79.439064810934	4
10	2799	80.399967332569	3
10	2815	80.605938337483	4
10	2818	80.988639286345	5
10	2833	81.399967332569	4
10	2867	82.399967332569	3
10	2883	83.112876483347	4
10	2900	83.179173884829	5
10	2901	83.399967332569	4
10	2917	83.423569332911	5
10	2932	84.399967332569	4
10	2951	84.602758859976	5
10	2966	85.399967332569	4
10	2985	85.438856391946	5
10	2988	85.747271232044	6
10	3003	86.399967332569	5
10	3019	86.458519169261	6
10	3036	87.199278119708	7
10	3037	87.399967332569	6
10	3071	88.399967332569	5
10	3099	89.399967332569	4
10	3115	89.684860476685	5
10	3136	90.399967332569	4
10	3152	90.542756117759	5
10	3155	90.868096533288	6
10	3172	91.251656747387	7
10	3175	91.261057498051	8
10	3176	91.399967332569	7
10	3206	92.361903408142	8
10	3207	92.399967332569	7
10	3241	93.399967332569	6
10	3274	94.209231059144	7
10	3275	94.399967332569	6
10	3306	95.399967332569	5
10	3328	96.050513530631	6
10	3346	96.399967332569	5
10	3362	96.557713653888	6
10	3388	97.362511053689	7
10	3389	97.399967332569	6
10	3405	97.824241949733	7
10	3408	97.828948490225	8
10	3411	97.987289996456	9
10	3426	98.399967332569	8
10	3445	99.119924138428	9
10	3460	99.399967332569	8
10	3476	99.434645799283	9
10	3494	100.399967332569	8
10	3510	100.65115445272	9
10	3513	100.991501190955	10
10	3531	101.399967332569	9
10	3565	102.399967332569	8
10	3596	103.399967332569	7
10	3629	104.26664436867	8
10	3630	104.399967332569	7
10	3663	105.163235239456	8
10	3664	105.399967332569	7
10	3680	106.01245605102	8
10	3695	106.399967332569	7
10	3714	107.031114781039	8
10	3732	107.399967332569	7
10	3760	108.399967332569	6
10	3790	109.252621679513	7
10	3791	109.399967332569	6
10	3824	110.392229643046	7
10	3825	110.399967332569	6
10	3844	110.988609037376	7
10	3859	111.399967332569	6
10	3887	112.399967332569	5
11	334	1.898660388484	0
11	348	2.898660388484	0
11	387	4.773428855839	0
11	418	5.773428855839	0
11	454	6.773428855839	0
11	482	7.773428855839	0
11	512	8.773428855839	0
11	541	9.773428855839	0
11	568	10.773428855839	0
11	614	12.081964138406	0
11	647	13.081964138406	0
11	671	14.081964138406	0
11	740	15.482440368894	0
11	770	16.482440368894	0
11	794	17.482440368894	0
11	825	18.482440368894	0
11	862	19.482440368894	0
11	890	20.482440368894	0
11	936	22.294539399622	0
11	960	23.294539399622	0
11	995	24.541488129362	0
11	1028	26.155490204255	0
11	1054	27.155490204255	0
11	1077	28.155490204255	0
11	1113	29.155490204255	0
11	1140	30.155490204255	0
11	1171	31.155490204255	0
11	1204	32.155490204255	0
11	1239	33.155490204255	0
11	1270	34.155490204255	0
11	1310	35.155490204255	0
11	1350	36.155490204255	0
11	1387	37.155490204255	0
11	1418	38.155490204255	0
11	1446	39.155490204255	0
11	1480	40.155490204255	0
11	1517	41.155490204255	0
11	1551	42.155490204255	0
11	1588	43.155490204255	0
11	1619	44.155490204255	0
11	1650	45.155490204255	0
11	1681	46.155490204255	0
11	1720	47.155490204255	0
11	1749	48.155490204255	0
11	1788	49.155490204255	0
11	1822	50.155490204255	0
11	1853	51.155490204255	0
11	1881	52.155490204255	0
11	1909	53.155490204255	0
11	1943	54.155490204255	0
11	1980	55.155490204255	0
11	2014	56.155490204255	0
11	2045	57.155490204255	0
11	2079	58.155490204255	0
11	2113	59.155490204255	0
11	2147	60.155490204255	0
11	2188	61.155490204255	0
11	2222	62.155490204255	0
11	2262	63.155490204255	0
11	2293	64.155490204255	0
11	2324	65.155490204255	0
11	2364	66.155490204255	0
11	2395	67.155490204255	0
11	2426	68.155490204255	0
11	2463	69.155490204255	0
11	2491	70.155490204255	0
11	2519	71.155490204255	0
11	2550	72.155490204255	0
11	2580	73.155490204255	0
11	2612	74.155490204255	0
11	2639	75.155490204255	0
11	2670	76.155490204255	0
11	2702	77.155490204255	0
11	2733	78.155490204255	0
11	2758	79.155490204255	0
11	2788	80.155490204255	0
11	2822	81.155490204255	0
11	2856	82.155490204255	0
11	2887	83.155490204255	0
11	2921	84.155490204255	0
11	2955	85.155490204255	0
11	2992	86.155490204255	0
11	3023	87.155490204255	0
11	3060	88.155490204255	0
11	3088	89.155490204255	0
11	3125	90.155490204255	0
11	3159	91.155490204255	0
11	3193	92.155490204255	0
11	3230	93.155490204255	0
11	3261	94.155490204255	0
11	3292	95.155490204255	0
11	3335	96.155490204255	0
11	3372	97.155490204255	0
11	3415	98.155490204255	0
11	3449	99.155490204255	0
11	3483	100.155490204255	0
11	3520	101.155490204255	0
11	3554	102.155490204255	0
11	3582	103.155490204255	0
11	3613	104.155490204255	0
11	3650	105.155490204255	0
11	3684	106.155490204255	0
11	3718	107.155490204255	0
11	3749	108.155490204255	0
11	3777	109.155490204255	0
11	3808	110.155490204255	0
11	3848	111.155490204255	0
11	3876	112.155490204255	0
12	342	2.859704212075	1
12	362	3.859704212075	1
12	408	5.52586940626	1
12	448	6.564028706924	1
12	472	7.564028706924	1
12	528	9.363072325843	1
12	558	10.363072325843	1
12	586	11.363072325843	1
12	623	12.363072325843	1
12	657	13.363072325843	1
12	685	14.363072325843	1
12	727	15.363072325843	1
12	756	16.363072325843	1
12	780	17.363072325843	1
12	811	18.363072325843	1
12	848	19.363072325843	1
12	876	20.363072325843	1
12	911	21.363072325843	1
12	942	22.363072325843	1
12	1023	26.047409410774	1
12	1041	27.047409410774	1
12	1090	28.182874844391	1
12	1131	29.20430671874	1
12	1158	30.20430671874	1
12	1233	32.971048391769	1
12	1253	33.971048391769	1
12	1304	35.100997919552	1
12	1337	36.100997919552	1
12	1373	37.100997919552	1
12	1404	38.100997919552	1
12	1432	39.100997919552	1
12	1466	40.100997919552	1
12	1503	41.100997919552	1
12	1537	42.100997919552	1
12	1574	43.100997919552	1
12	1605	44.100997919552	1
12	1636	45.100997919552	1
12	1667	46.100997919552	1
12	1736	47.540607172454	1
12	1766	48.540607172454	1
12	1802	49.540607172454	1
12	1836	50.540607172454	1
12	1867	51.540607172454	1
12	1895	52.540607172454	1
12	1923	53.540607172454	1
12	1963	54.540607172454	1
12	2000	55.540607172454	1
12	2028	56.540607172454	1
12	2062	57.540607172454	1
12	2096	58.540607172454	1
12	2130	59.540607172454	1
12	2161	60.540607172454	1
12	2213	61.632580586152	1
12	2249	62.632580586152	1
12	2276	63.632580586152	1
12	2310	64.632580586152	1
12	2341	65.632580586152	1
12	2378	66.632580586152	1
12	2412	67.632580586152	1
12	2449	68.632580586152	1
12	2477	69.632580586152	1
12	2505	70.632580586152	1
12	2533	71.632580586152	1
12	2593	73.293219858336	1
12	2626	74.293219858336	1
12	2653	75.293219858336	1
12	2749	78.400067332569	1
12	2775	79.400067332569	1
12	2802	80.400067332569	1
12	2836	81.400067332569	1
12	2870	82.400067332569	1
12	2904	83.400067332569	1
12	2935	84.400067332569	1
12	2969	85.400067332569	1
12	3006	86.400067332569	1
12	3040	87.400067332569	1
12	3074	88.400067332569	1
12	3102	89.400067332569	1
12	3139	90.400067332569	1
12	3179	91.400067332569	1
12	3210	92.400067332569	1
12	3244	93.400067332569	1
12	3278	94.400067332569	1
12	3309	95.400067332569	1
12	3349	96.400067332569	1
12	3392	97.400067332569	1
12	3429	98.400067332569	1
12	3463	99.400067332569	1
12	3497	100.400067332569	1
12	3534	101.400067332569	1
12	3568	102.400067332569	1
12	3599	103.400067332569	1
12	3633	104.400067332569	1
12	3667	105.400067332569	1
12	3698	106.400067332569	1
12	3735	107.400067332569	1
12	3763	108.400067332569	1
12	3794	109.400067332569	1
12	3828	110.400067332569	1
12	3862	111.400067332569	1
12	3890	112.400067332569	1
13	343	2.859704212075	1
13	344	2.859704212075	0
13	363	3.859704212075	1
13	364	3.859704212075	0
13	409	5.52586940626	1
13	410	5.52586940626	0
13	449	6.564028706924	1
13	450	6.564028706924	0
13	473	7.564028706924	1
13	474	7.564028706924	0
13	529	9.363072325843	1
13	530	9.363072325843	0
13	559	10.363072325843	1
13	560	10.363072325843	0
13	587	11.363072325843	1
13	588	11.363072325843	0
13	624	12.363072325843	1
13	625	12.363072325843	0
13	658	13.363072325843	1
13	659	13.363072325843	0
13	686	14.363072325843	1
13	687	14.363072325843	0
13	728	15.363072325843	1
13	729	15.363072325843	0
13	757	16.363072325843	1
13	758	16.363072325843	0
13	781	17.363072325843	1
13	782	17.363072325843	0
13	812	18.363072325843	1
13	813	18.363072325843	0
13	849	19.363072325843	1
13	850	19.363072325843	0
13	877	20.363072325843	1
13	878	20.363072325843	0
13	912	21.363072325843	1
13	913	21.363072325843	0
13	943	22.363072325843	1
13	944	22.363072325843	0
13	1024	26.047409410774	1
13	1025	26.047409410774	0
13	1042	27.047409410774	1
13	1043	27.047409410774	0
13	1091	28.182874844391	1
13	1092	28.182874844391	0
13	1132	29.20430671874	1
13	1133	29.20430671874	0
13	1159	30.20430671874	1
13	1160	30.20430671874	0
13	1234	32.971048391769	1
13	1235	32.971048391769	0
13	1254	33.971048391769	1
13	1255	33.971048391769	0
13	1305	35.100997919552	1
13	1306	35.100997919552	0
13	1338	36.100997919552	1
13	1339	36.100997919552	0
13	1374	37.100997919552	1
13	1375	37.100997919552	0
13	1405	38.100997919552	1
13	1406	38.100997919552	0
13	1433	39.100997919552	1
13	1434	39.100997919552	0
13	1467	40.100997919552	1
13	1468	40.100997919552	0
13	1504	41.100997919552	1
13	1505	41.100997919552	0
13	1538	42.100997919552	1
13	1539	42.100997919552	0
13	1575	43.100997919552	1
13	1576	43.100997919552	0
13	1606	44.100997919552	1
13	1607	44.100997919552	0
13	1637	45.100997919552	1
13	1638	45.100997919552	0
13	1668	46.100997919552	1
13	1669	46.100997919552	0
13	1737	47.540607172454	1
13	1738	47.540607172454	0
13	1767	48.540607172454	1
13	1768	48.540607172454	0
13	1803	49.540607172454	1
13	1804	49.540607172454	0
13	1837	50.540607172454	1
13	1838	50.540607172454	0
13	1868	51.540607172454	1
13	1869	51.540607172454	0
13	1896	52.540607172454	1
13	1897	52.540607172454	0
13	1924	53.540607172454	1
13	1925	53.540607172454	0
13	1964	54.540607172454	1
13	1965	54.540607172454	0
13	2001	55.540607172454	1
13	2002	55.540607172454	0
13	2029	56.540607172454	1
13	2030	56.540607172454	0
13	2063	57.540607172454	1
13	2064	57.540607172454	0
13	2097	58.540607172454	1
13	2098	58.540607172454	0
13	2131	59.540607172454	1
13	2132	59.540607172454	0
13	2162	60.540607172454	1
13	2163	60.540607172454	0
13	2214	61.632580586152	1
13	2215	61.632580586152	0
13	2250	62.632580586152	1
13	2251	62.632580586152	0
13	2277	63.632580586152	1
13	2278	63.632580586152	0
13	2311	64.632580586152	1
13	2312	64.632580586152	0
13	2342	65.632580586152	1
13	2343	65.632580586152	0
13	2379	66.632580586152	1
13	2380	66.632580586152	0
13	2413	67.632580586152	1
13	2414	67.632580586152	0
13	2450	68.632580586152	1
13	2451	68.632580586152	0
13	2478	69.632580586152	1
13	2479	69.632580586152	0
13	2506	70.632580586152	1
13	2507	70.632580586152	0
13	2534	71.632580586152	1
13	2535	71.632580586152	0
13	2594	73.293219858336	1
13	2595	73.293219858336	0
13	2627	74.293219858336	1
13	2628	74.293219858336	0
13	2654	75.293219858336	1
13	2655	75.293219858336	0
13	2750	78.400067332569	1
13	2751	78.400067332569	0
13	2776	79.400067332569	1
13	2777	79.400067332569	0
13	2803	80.400067332569	1
13	2804	80.400067332569	0
13	2837	81.400067332569	1
13	2838	81.400067332569	0
13	2871	82.400067332569	1
13	2872	82.400067332569	0
13	2905	83.400067332569	1
13	2906	83.400067332569	0
13	2936	84.400067332569	1
13	2937	84.400067332569	0
13	2970	85.400067332569	1
13	2971	85.400067332569	0
13	3007	86.400067332569	1
13	3008	86.400067332569	0
13	3041	87.400067332569	1
13	3042	87.400067332569	0
13	3075	88.400067332569	1
13	3076	88.400067332569	0
13	3103	89.400067332569	1
13	3104	89.400067332569	0
13	3140	90.400067332569	1
13	3141	90.400067332569	0
13	3180	91.400067332569	1
13	3181	91.400067332569	0
13	3211	92.400067332569	1
13	3212	92.400067332569	0
13	3245	93.400067332569	1
13	3246	93.400067332569	0
13	3279	94.400067332569	1
13	3280	94.400067332569	0
13	3310	95.400067332569	1
13	3311	95.400067332569	0
13	3350	96.400067332569	1
13	3351	96.400067332569	0
13	3393	97.400067332569	1
13	3394	97.400067332569	0
13	3430	98.400067332569	1
13	3431	98.400067332569	0
13	3464	99.400067332569	1
13	3465	99.400067332569	0
13	3498	100.400067332569	1
13	3499	100.400067332569	0
13	3535	101.400067332569	1
13	3536	101.400067332569	0
13	3569	102.400067332569	1
13	3570	102.400067332569	0
13	3600	103.400067332569	1
13	3601	103.400067332569	0
13	3634	104.400067332569	1
13	3635	104.400067332569	0
13	3668	105.400067332569	1
13	3669	105.400067332569	0
13	3699	106.400067332569	1
13	3700	106.400067332569	0
13	3736	107.400067332569	1
13	3737	107.400067332569	0
13	3764	108.400067332569	1
13	3765	108.400067332569	0
13	3795	109.400067332569	1
13	3796	109.400067332569	0
13	3829	110.400067332569	1
13	3830	110.400067332569	0
13	3863	111.400067332569	1
13	3864	111.400067332569	0
13	3891	112.400067332569	1
13	3892	112.400067332569	0
14	352	2.898760388484	0
14	372	3.898760388484	0
14	422	5.773528855839	0
14	459	6.773528855839	0
14	487	7.773528855839	0
14	517	8.773528855839	0
14	546	9.773528855839	0
14	573	10.773528855839	0
14	603	11.773528855839	0
14	651	13.082064138406	0
14	676	14.082064138406	0
14	712	15.082064138406	0
14	774	16.482540368894	0
14	799	17.482540368894	0
14	830	18.482540368894	0
14	867	19.482540368894	0
14	895	20.482540368894	0
14	925	21.482540368894	0
14	964	23.294639399622	0
14	983	24.294639399622	0
14	1012	25.541588129362	0
14	1058	27.155590204255	0
14	1082	28.155590204255	0
14	1118	29.155590204255	0
14	1145	30.155590204255	0
14	1176	31.155590204255	0
14	1209	32.155590204255	0
14	1244	33.155590204255	0
14	1275	34.155590204255	0
14	1315	35.155590204255	0
14	1355	36.155590204255	0
14	1392	37.155590204255	0
14	1423	38.155590204255	0
14	1451	39.155590204255	0
14	1485	40.155590204255	0
14	1522	41.155590204255	0
14	1556	42.155590204255	0
14	1593	43.155590204255	0
14	1624	44.155590204255	0
14	1655	45.155590204255	0
14	1686	46.155590204255	0
14	1725	47.155590204255	0
14	1754	48.155590204255	0
14	1793	49.155590204255	0
14	1827	50.155590204255	0
14	1858	51.155590204255	0
14	1886	52.155590204255	0
14	1914	53.155590204255	0
14	1948	54.155590204255	0
14	1985	55.155590204255	0
14	2019	56.155590204255	0
14	2050	57.155590204255	0
14	2084	58.155590204255	0
14	2118	59.155590204255	0
14	2152	60.155590204255	0
14	2193	61.155590204255	0
14	2227	62.155590204255	0
14	2267	63.155590204255	0
14	2298	64.155590204255	0
14	2329	65.155590204255	0
14	2369	66.155590204255	0
14	2400	67.155590204255	0
14	2431	68.155590204255	0
14	2468	69.155590204255	0
14	2496	70.155590204255	0
14	2524	71.155590204255	0
14	2555	72.155590204255	0
14	2585	73.155590204255	0
14	2617	74.155590204255	0
14	2644	75.155590204255	0
14	2675	76.155590204255	0
14	2707	77.155590204255	0
14	2738	78.155590204255	0
14	2763	79.155590204255	0
14	2793	80.155590204255	0
14	2827	81.155590204255	0
14	2861	82.155590204255	0
14	2892	83.155590204255	0
14	2926	84.155590204255	0
14	2960	85.155590204255	0
14	2997	86.155590204255	0
14	3028	87.155590204255	0
14	3065	88.155590204255	0
14	3093	89.155590204255	0
14	3130	90.155590204255	0
14	3164	91.155590204255	0
14	3198	92.155590204255	0
14	3235	93.155590204255	0
14	3266	94.155590204255	0
14	3297	95.155590204255	0
14	3340	96.155590204255	0
14	3377	97.155590204255	0
14	3420	98.155590204255	0
14	3454	99.155590204255	0
14	3488	100.155590204255	0
14	3525	101.155590204255	0
14	3559	102.155590204255	0
14	3587	103.155590204255	0
14	3618	104.155590204255	0
14	3655	105.155590204255	0
14	3689	106.155590204255	0
14	3723	107.155590204255	0
14	3754	108.155590204255	0
14	3782	109.155590204255	0
14	3813	110.155590204255	0
14	3853	111.155590204255	0
14	3881	112.155590204255	0
15	366	3.859804212075	1
15	393	4.859804212075	1
15	443	6.52596940626	1
15	476	7.564128706924	1
15	500	8.564128706924	1
15	562	10.363172325843	1
15	591	11.363172325843	1
15	628	12.363172325843	1
15	662	13.363172325843	1
15	690	14.363172325843	1
15	732	15.363172325843	1
15	761	16.363172325843	1
15	785	17.363172325843	1
15	816	18.363172325843	1
15	853	19.363172325843	1
15	881	20.363172325843	1
15	916	21.363172325843	1
15	947	22.363172325843	1
15	970	23.363172325843	1
15	1045	27.047509410774	1
15	1068	28.047509410774	1
15	1126	29.182974844391	1
15	1162	30.20440671874	1
15	1185	31.20440671874	1
15	1257	33.971148391769	1
15	1296	34.971148391769	1
15	1341	36.101097919552	1
15	1378	37.101097919552	1
15	1409	38.101097919552	1
15	1437	39.101097919552	1
15	1471	40.101097919552	1
15	1508	41.101097919552	1
15	1542	42.101097919552	1
15	1579	43.101097919552	1
15	1610	44.101097919552	1
15	1641	45.101097919552	1
15	1672	46.101097919552	1
15	1708	47.101097919552	1
15	1770	48.540707172454	1
15	1807	49.540707172454	1
15	1841	50.540707172454	1
15	1872	51.540707172454	1
15	1900	52.540707172454	1
15	1928	53.540707172454	1
15	1968	54.540707172454	1
15	2005	55.540707172454	1
15	2033	56.540707172454	1
15	2067	57.540707172454	1
15	2101	58.540707172454	1
15	2135	59.540707172454	1
15	2166	60.540707172454	1
15	2205	61.540707172454	1
15	2253	62.632680586152	1
15	2281	63.632680586152	1
15	2315	64.632680586152	1
15	2346	65.632680586152	1
15	2383	66.632680586152	1
15	2417	67.632680586152	1
15	2454	68.632680586152	1
15	2482	69.632680586152	1
15	2510	70.632680586152	1
15	2538	71.632680586152	1
15	2568	72.632680586152	1
15	2630	74.293319858336	1
15	2658	75.293319858336	1
15	2684	76.293319858336	1
15	2779	79.400167332569	1
15	2807	80.400167332569	1
15	2841	81.400167332569	1
15	2875	82.400167332569	1
15	2909	83.400167332569	1
15	2940	84.400167332569	1
15	2974	85.400167332569	1
15	3011	86.400167332569	1
15	3045	87.400167332569	1
15	3079	88.400167332569	1
15	3107	89.400167332569	1
15	3144	90.400167332569	1
15	3184	91.400167332569	1
15	3215	92.400167332569	1
15	3249	93.400167332569	1
15	3283	94.400167332569	1
15	3314	95.400167332569	1
15	3354	96.400167332569	1
15	3397	97.400167332569	1
15	3434	98.400167332569	1
15	3468	99.400167332569	1
15	3502	100.400167332569	1
15	3539	101.400167332569	1
15	3573	102.400167332569	1
15	3604	103.400167332569	1
15	3638	104.400167332569	1
15	3672	105.400167332569	1
15	3703	106.400167332569	1
15	3740	107.400167332569	1
15	3768	108.400167332569	1
15	3799	109.400167332569	1
15	3833	110.400167332569	1
15	3867	111.400167332569	1
16	367	3.859804212075	1
16	368	3.859804212075	0
16	394	4.859804212075	1
16	395	4.859804212075	0
16	444	6.52596940626	1
16	445	6.52596940626	0
16	477	7.564128706924	1
16	478	7.564128706924	0
16	501	8.564128706924	1
16	502	8.564128706924	0
16	563	10.363172325843	1
16	564	10.363172325843	0
16	592	11.363172325843	1
16	593	11.363172325843	0
16	629	12.363172325843	1
16	630	12.363172325843	0
16	663	13.363172325843	1
16	664	13.363172325843	0
16	691	14.363172325843	1
16	692	14.363172325843	0
16	733	15.363172325843	1
16	734	15.363172325843	0
16	762	16.363172325843	1
16	763	16.363172325843	0
16	786	17.363172325843	1
16	787	17.363172325843	0
16	817	18.363172325843	1
16	818	18.363172325843	0
16	854	19.363172325843	1
16	855	19.363172325843	0
16	882	20.363172325843	1
16	883	20.363172325843	0
16	917	21.363172325843	1
16	918	21.363172325843	0
16	948	22.363172325843	1
16	949	22.363172325843	0
16	971	23.363172325843	1
16	972	23.363172325843	0
16	1046	27.047509410774	1
16	1047	27.047509410774	0
16	1069	28.047509410774	1
16	1070	28.047509410774	0
16	1127	29.182974844391	1
16	1128	29.182974844391	0
16	1163	30.20440671874	1
16	1164	30.20440671874	0
16	1186	31.20440671874	1
16	1187	31.20440671874	0
16	1258	33.971148391769	1
16	1259	33.971148391769	0
16	1297	34.971148391769	1
16	1298	34.971148391769	0
16	1342	36.101097919552	1
16	1343	36.101097919552	0
16	1379	37.101097919552	1
16	1380	37.101097919552	0
16	1410	38.101097919552	1
16	1411	38.101097919552	0
16	1438	39.101097919552	1
16	1439	39.101097919552	0
16	1472	40.101097919552	1
16	1473	40.101097919552	0
16	1509	41.101097919552	1
16	1510	41.101097919552	0
16	1543	42.101097919552	1
16	1544	42.101097919552	0
16	1580	43.101097919552	1
16	1581	43.101097919552	0
16	1611	44.101097919552	1
16	1612	44.101097919552	0
16	1642	45.101097919552	1
16	1643	45.101097919552	0
16	1673	46.101097919552	1
16	1674	46.101097919552	0
16	1709	47.101097919552	1
16	1710	47.101097919552	0
16	1771	48.540707172454	1
16	1772	48.540707172454	0
16	1808	49.540707172454	1
16	1809	49.540707172454	0
16	1842	50.540707172454	1
16	1843	50.540707172454	0
16	1873	51.540707172454	1
16	1874	51.540707172454	0
16	1901	52.540707172454	1
16	1902	52.540707172454	0
16	1929	53.540707172454	1
16	1930	53.540707172454	0
16	1969	54.540707172454	1
16	1970	54.540707172454	0
16	2006	55.540707172454	1
16	2007	55.540707172454	0
16	2034	56.540707172454	1
16	2035	56.540707172454	0
16	2068	57.540707172454	1
16	2069	57.540707172454	0
16	2102	58.540707172454	1
16	2103	58.540707172454	0
16	2136	59.540707172454	1
16	2137	59.540707172454	0
16	2167	60.540707172454	1
16	2168	60.540707172454	0
16	2206	61.540707172454	1
16	2207	61.540707172454	0
16	2254	62.632680586152	1
16	2255	62.632680586152	0
16	2282	63.632680586152	1
16	2283	63.632680586152	0
16	2316	64.632680586152	1
16	2317	64.632680586152	0
16	2347	65.632680586152	1
16	2348	65.632680586152	0
16	2384	66.632680586152	1
16	2385	66.632680586152	0
16	2418	67.632680586152	1
16	2419	67.632680586152	0
16	2455	68.632680586152	1
16	2456	68.632680586152	0
16	2483	69.632680586152	1
16	2484	69.632680586152	0
16	2511	70.632680586152	1
16	2512	70.632680586152	0
16	2539	71.632680586152	1
16	2540	71.632680586152	0
16	2569	72.632680586152	1
16	2570	72.632680586152	0
16	2631	74.293319858336	1
16	2632	74.293319858336	0
16	2659	75.293319858336	1
16	2660	75.293319858336	0
16	2685	76.293319858336	1
16	2686	76.293319858336	0
16	2780	79.400167332569	1
16	2781	79.400167332569	0
16	2808	80.400167332569	1
16	2809	80.400167332569	0
16	2842	81.400167332569	1
16	2843	81.400167332569	0
16	2876	82.400167332569	1
16	2877	82.400167332569	0
16	2910	83.400167332569	1
16	2911	83.400167332569	0
16	2941	84.400167332569	1
16	2942	84.400167332569	0
16	2975	85.400167332569	1
16	2976	85.400167332569	0
16	3012	86.400167332569	1
16	3013	86.400167332569	0
16	3046	87.400167332569	1
16	3047	87.400167332569	0
16	3080	88.400167332569	1
16	3081	88.400167332569	0
16	3108	89.400167332569	1
16	3109	89.400167332569	0
16	3145	90.400167332569	1
16	3146	90.400167332569	0
16	3185	91.400167332569	1
16	3186	91.400167332569	0
16	3216	92.400167332569	1
16	3217	92.400167332569	0
16	3250	93.400167332569	1
16	3251	93.400167332569	0
16	3284	94.400167332569	1
16	3285	94.400167332569	0
16	3315	95.400167332569	1
16	3316	95.400167332569	0
16	3355	96.400167332569	1
16	3356	96.400167332569	0
16	3398	97.400167332569	1
16	3399	97.400167332569	0
16	3435	98.400167332569	1
16	3436	98.400167332569	0
16	3469	99.400167332569	1
16	3470	99.400167332569	0
16	3503	100.400167332569	1
16	3504	100.400167332569	0
16	3540	101.400167332569	1
16	3541	101.400167332569	0
16	3574	102.400167332569	1
16	3575	102.400167332569	0
16	3605	103.400167332569	1
16	3606	103.400167332569	0
16	3639	104.400167332569	1
16	3640	104.400167332569	0
16	3673	105.400167332569	1
16	3674	105.400167332569	0
16	3704	106.400167332569	1
16	3705	106.400167332569	0
16	3741	107.400167332569	1
16	3742	107.400167332569	0
16	3769	108.400167332569	1
16	3770	108.400167332569	0
16	3800	109.400167332569	1
16	3801	109.400167332569	0
16	3834	110.400167332569	1
16	3835	110.400167332569	0
16	3868	111.400167332569	1
16	3869	111.400167332569	0
17	376	3.898860388484	3
17	397	4.859904212075	3
17	401	4.898860388484	3
17	430	5.859904212075	3
17	463	6.773628855839	3
17	467	7.52606940626	3
17	491	7.773628855839	3
17	504	8.564228706924	3
17	521	8.773628855839	3
17	536	9.564228706924	3
17	550	9.773628855839	3
17	577	10.773628855839	3
17	595	11.363272325843	3
17	607	11.773628855839	3
17	632	12.363272325843	3
17	642	12.773628855839	3
17	666	13.363272325843	3
17	680	14.082164138406	3
17	694	14.363272325843	3
17	716	15.082164138406	3
17	736	15.363272325843	3
17	748	16.082164138406	3
17	765	16.363272325843	3
17	789	17.363272325843	3
17	803	17.482640368894	3
17	820	18.363272325843	3
17	834	18.482640368894	3
17	857	19.363272325843	3
17	871	19.482640368894	3
17	885	20.363272325843	3
17	899	20.482640368894	3
17	920	21.363272325843	3
17	929	21.482640368894	3
17	951	22.363272325843	3
17	955	22.482640368894	3
17	974	23.363272325843	3
17	987	24.294739399622	3
17	991	24.363272325843	3
17	1008	25.294739399622	3
17	1033	26.541688129362	3
17	1072	28.047609410774	3
17	1086	28.155690204255	3
17	1105	29.047609410774	3
17	1122	29.155690204255	3
17	1149	30.155690204255	3
17	1153	30.183074844391	3
17	1180	31.155690204255	3
17	1189	31.20450671874	3
17	1213	32.155690204255	3
17	1220	32.20450671874	3
17	1248	33.155690204255	3
17	1279	34.155690204255	3
17	1300	34.971248391769	3
17	1319	35.155690204255	3
17	1332	35.971248391769	3
17	1359	36.155690204255	3
17	1382	37.101197919552	3
17	1396	37.155690204255	3
17	1413	38.101197919552	3
17	1427	38.155690204255	3
17	1441	39.101197919552	3
17	1455	39.155690204255	3
17	1475	40.101197919552	3
17	1489	40.155690204255	3
17	1512	41.101197919552	3
17	1526	41.155690204255	3
17	1546	42.101197919552	3
17	1560	42.155690204255	3
17	1583	43.101197919552	3
17	1597	43.155690204255	3
17	1614	44.101197919552	3
17	1628	44.155690204255	3
17	1645	45.101197919552	3
17	1659	45.155690204255	3
17	1676	46.101197919552	3
17	1690	46.155690204255	3
17	1712	47.101197919552	3
17	1729	47.155690204255	3
17	1744	48.101197919552	3
17	1758	48.155690204255	3
17	1797	49.155690204255	3
17	1811	49.540807172454	3
17	1831	50.155690204255	3
17	1845	50.540807172454	3
17	1862	51.155690204255	3
17	1876	51.540807172454	3
17	1890	52.155690204255	3
17	1904	52.540807172454	3
17	1918	53.155690204255	3
17	1932	53.540807172454	3
17	1952	54.155690204255	3
17	1972	54.540807172454	3
17	1989	55.155690204255	3
17	2009	55.540807172454	3
17	2023	56.155690204255	3
17	2037	56.540807172454	3
17	2054	57.155690204255	3
17	2071	57.540807172454	3
17	2088	58.155690204255	3
17	2105	58.540807172454	3
17	2122	59.155690204255	3
17	2139	59.540807172454	3
17	2156	60.155690204255	3
17	2170	60.540807172454	3
17	2197	61.155690204255	3
17	2209	61.540807172454	3
17	2231	62.155690204255	3
17	2244	62.540807172454	3
17	2271	63.155690204255	3
17	2285	63.632780586152	3
17	2302	64.155690204255	3
17	2319	64.632780586152	3
17	2333	65.155690204255	3
17	2350	65.632780586152	3
17	2373	66.155690204255	3
17	2387	66.632780586152	3
17	2404	67.155690204255	3
17	2421	67.632780586152	3
17	2435	68.155690204255	3
17	2458	68.632780586152	3
17	2472	69.155690204255	3
17	2486	69.632780586152	3
17	2500	70.155690204255	3
17	2514	70.632780586152	3
17	2528	71.155690204255	3
17	2542	71.632780586152	3
17	2559	72.155690204255	3
17	2572	72.632780586152	3
17	2589	73.155690204255	3
17	2598	73.632780586152	3
17	2621	74.155690204255	3
17	2648	75.155690204255	3
17	2662	75.293419858336	3
17	2679	76.155690204255	3
17	2688	76.293419858336	3
17	2711	77.155690204255	3
17	2715	77.293419858336	3
17	2742	78.155690204255	3
17	2767	79.155690204255	3
17	2797	80.155690204255	3
17	2811	80.400267332569	3
17	2831	81.155690204255	3
17	2845	81.400267332569	3
17	2865	82.155690204255	3
17	2879	82.400267332569	3
17	2896	83.155690204255	3
17	2913	83.400267332569	3
17	2930	84.155690204255	3
17	2944	84.400267332569	3
17	2964	85.155690204255	3
17	2978	85.400267332569	3
17	3001	86.155690204255	3
17	3015	86.400267332569	3
17	3032	87.155690204255	3
17	3049	87.400267332569	3
17	3069	88.155690204255	3
17	3083	88.400267332569	3
17	3097	89.155690204255	3
17	3111	89.400267332569	3
17	3134	90.155690204255	3
17	3148	90.400267332569	3
17	3168	91.155690204255	3
17	3188	91.400267332569	3
17	3202	92.155690204255	3
17	3219	92.400267332569	3
17	3239	93.155690204255	3
17	3253	93.400267332569	3
17	3270	94.155690204255	3
17	3287	94.400267332569	3
17	3301	95.155690204255	3
17	3318	95.400267332569	3
17	3344	96.155690204255	3
17	3358	96.400267332569	3
17	3381	97.155690204255	3
17	3401	97.400267332569	3
17	3424	98.155690204255	3
17	3438	98.400267332569	3
17	3458	99.155690204255	3
17	3472	99.400267332569	3
17	3492	100.155690204255	3
17	3506	100.400267332569	3
17	3529	101.155690204255	3
17	3543	101.400267332569	3
17	3563	102.155690204255	3
17	3577	102.400267332569	3
17	3591	103.155690204255	3
17	3608	103.400267332569	3
17	3622	104.155690204255	3
17	3642	104.400267332569	3
17	3659	105.155690204255	3
17	3676	105.400267332569	3
17	3693	106.155690204255	3
17	3707	106.400267332569	3
17	3727	107.155690204255	3
17	3744	107.400267332569	3
17	3758	108.155690204255	3
17	3772	108.400267332569	3
17	3786	109.155690204255	3
17	3803	109.400267332569	3
17	3817	110.155690204255	3
17	3837	110.400267332569	3
17	3857	111.155690204255	3
17	3871	111.400267332569	3
17	3885	112.155690204255	3
18	377	3.898860388484	3.0003
18	398	4.859904212075	3.0003
18	402	4.898860388484	3.077076868529
18	431	5.859904212075	3.213098860018
18	464	6.773628855839	3.0003
18	468	7.52606940626	3.0003
18	492	7.773628855839	3.44925151333
18	505	8.564228706924	3.0003
18	522	8.773628855839	3.472245086937
18	537	9.564228706924	3.424780803117
18	551	9.773628855839	3.987116923215
18	578	10.773628855839	4.633957784077
18	596	11.363272325843	3.0003
18	608	11.773628855839	5.575573114984
18	633	12.363272325843	3.681943859158
18	643	12.773628855839	3.260660835056
18	667	13.363272325843	4.19834175421
18	681	14.082164138406	3.0003
18	695	14.363272325843	4.548895405959
18	717	15.082164138406	3.247625886687
18	737	15.363272325843	3.876684205634
18	749	16.082164138406	3.408193033787
18	766	16.363272325843	4.222801638413
18	790	17.363272325843	4.723929629397
18	804	17.482640368894	3.0003
18	821	18.363272325843	3.125675543548
18	835	18.482640368894	3.926614644535
18	858	19.363272325843	4.105249955149
18	872	19.482640368894	4.515036648292
18	886	20.363272325843	4.646001817894
18	900	20.482640368894	5.423875622168
18	921	21.363272325843	3.858514154455
18	930	21.482640368894	5.37926311386
18	952	22.363272325843	3.352729895818
18	956	22.482640368894	3.229093185184
18	975	23.363272325843	4.201499042153
18	988	24.294739399622	3.0003
18	992	24.363272325843	3.161184784211
18	1009	25.294739399622	3.358590827322
18	1034	26.541688129362	3.0003
18	1073	28.047609410774	3.0003
18	1087	28.155690204255	3.0003
18	1106	29.047609410774	3.381370540373
18	1123	29.155690204255	3.26533557881
18	1150	30.155690204255	3.1293966371
18	1154	30.183074844391	3.0003
18	1181	31.155690204255	4.003522227662
18	1190	31.20450671874	3.0003
18	1214	32.155690204255	3.728294525438
18	1221	32.20450671874	3.127978804958
18	1249	33.155690204255	4.573564844938
18	1280	34.155690204255	4.802730186471
18	1301	34.971248391769	3.0003
18	1320	35.155690204255	4.381365506377
18	1333	35.971248391769	3.358605297969
18	1360	36.155690204255	4.643538214621
18	1383	37.101197919552	3.0003
18	1397	37.155690204255	5.531592053988
18	1414	38.101197919552	3.756251509263
18	1428	38.155690204255	5.99602633376
18	1442	39.101197919552	3.915916803651
18	1456	39.155690204255	6.688745981607
18	1476	40.101197919552	4.753780314205
18	1490	40.155690204255	7.482542699577
18	1513	41.101197919552	4.80678363703
18	1527	41.155690204255	7.147252514953
18	1547	42.101197919552	4.847235659662
18	1561	42.155690204255	7.53817009177
18	1584	43.101197919552	3.518322285448
18	1598	43.155690204255	8.392892064478
18	1615	44.101197919552	3.373183330748
18	1629	44.155690204255	9.373923495277
18	1646	45.101197919552	3.423688747251
18	1660	45.155690204255	9.9821526846
18	1677	46.101197919552	3.227580947794
18	1691	46.155690204255	10.020771745534
18	1713	47.101197919552	4.123019722019
18	1730	47.155690204255	10.769329813459
18	1745	48.101197919552	5.060904431553
18	1759	48.155690204255	11.280772764151
18	1798	49.155690204255	9.402857742873
18	1812	49.540807172454	3.0003
18	1832	50.155690204255	9.805111666055
18	1846	50.540807172454	3.812873933982
18	1863	51.155690204255	10.359593171004
18	1877	51.540807172454	4.576667227899
18	1891	52.155690204255	10.785060764263
18	1905	52.540807172454	5.133263199278
18	1919	53.155690204255	9.458709702569
18	1933	53.540807172454	5.754301234995
18	1953	54.155690204255	9.359797235018
18	1973	54.540807172454	5.818239675224
18	1990	55.155690204255	9.30096310353
18	2010	55.540807172454	6.42512711792
18	2024	56.155690204255	9.190365657843
18	2038	56.540807172454	7.385943961507
18	2055	57.155690204255	10.052336969415
18	2072	57.540807172454	7.8086196507
18	2089	58.155690204255	9.663294279624
18	2106	58.540807172454	7.802748645533
18	2123	59.155690204255	10.211192219399
18	2140	59.540807172454	5.609802003479
18	2157	60.155690204255	10.366764425871
18	2171	60.540807172454	6.502166895323
18	2198	61.155690204255	6.912267579695
18	2210	61.540807172454	6.444340481971
18	2232	62.155690204255	7.677966060919
18	2245	62.540807172454	7.268426936545
18	2272	63.155690204255	7.669946815499
18	2286	63.632780586152	3.0003
18	2303	64.155690204255	7.611204100405
18	2320	64.632780586152	3.827172543854
18	2334	65.155690204255	7.739288246779
18	2351	65.632780586152	4.710217134062
18	2374	66.155690204255	8.447207713512
18	2388	66.632780586152	4.587048832529
18	2405	67.155690204255	8.912143036429
18	2422	67.632780586152	5.205492989155
18	2436	68.155690204255	9.284201455438
18	2459	68.632780586152	5.986612392648
18	2473	69.155690204255	9.640420453835
18	2487	69.632780586152	3.999422500796
18	2501	70.155690204255	10.360143445356
18	2515	70.632780586152	4.985757922365
18	2529	71.155690204255	10.383279371285
18	2543	71.632780586152	5.88361304084
18	2560	72.155690204255	10.970778141363
18	2573	72.632780586152	5.908511106684
18	2590	73.155690204255	10.902705944213
18	2599	73.632780586152	5.0886921874
18	2622	74.155690204255	11.753993674961
18	2649	75.155690204255	11.247358341688
18	2663	75.293419858336	3.0003
18	2680	76.155690204255	11.787344383948
18	2689	76.293419858336	3.367963403604
18	2712	77.155690204255	11.70107500307
18	2716	77.293419858336	3.655379810271
18	2743	78.155690204255	10.980743345353
18	2768	79.155690204255	10.860928979599
18	2798	80.155690204255	11.75989420429
18	2812	80.400267332569	3.0003
18	2832	81.155690204255	9.186305831946
18	2846	81.400267332569	3.667889759036
18	2866	82.155690204255	8.080984531154
18	2880	82.400267332569	4.539832993725
18	2897	83.155690204255	9.02365760473
18	2914	83.400267332569	5.094413531805
18	2931	84.155690204255	9.095179107829
18	2945	84.400267332569	5.743237442424
18	2965	85.155690204255	9.495232221188
18	2979	85.400267332569	6.08759115806
18	3002	86.155690204255	9.150986949036
18	3016	86.400267332569	6.961202521635
18	3033	87.155690204255	10.13079682089
18	3050	87.400267332569	6.794328995086
18	3070	88.155690204255	11.090820521832
18	3084	88.400267332569	7.411628046224
18	3098	89.155690204255	11.507942132965
18	3112	89.400267332569	6.287390849222
18	3135	90.155690204255	8.61637201012
18	3149	90.400267332569	7.22109344774
18	3169	91.155690204255	9.081487634363
18	3189	91.400267332569	7.976697999658
18	3203	92.155690204255	7.577575851278
18	3220	92.400267332569	7.797508472593
18	3240	93.155690204255	7.744732335212
18	3254	93.400267332569	7.961410940623
18	3271	94.155690204255	6.741491812705
18	3288	94.400267332569	8.652996100525
18	3302	95.155690204255	7.642841504287
18	3319	95.400267332569	8.941748163308
18	3345	96.155690204255	6.102536996328
18	3359	96.400267332569	9.200989212861
18	3382	97.155690204255	7.015766513988
18	3402	97.400267332569	7.715406855884
18	3425	98.155690204255	5.366510585312
18	3439	98.400267332569	7.85751121481
18	3459	99.155690204255	6.225179871751
18	3473	99.400267332569	8.532170799281
18	3493	100.155690204255	6.183399217572
18	3507	100.400267332569	9.148610585182
18	3530	101.155690204255	5.923465407463
18	3544	101.400267332569	10.139209834518
18	3564	102.155690204255	6.581811240437
18	3578	102.400267332569	10.038363924427
18	3592	103.155690204255	7.274293516675
18	3609	103.400267332569	9.191036273425
18	3623	104.155690204255	8.071943078108
18	3643	104.400267332569	8.349753801938
18	3660	105.155690204255	8.188814036149
18	3677	105.400267332569	8.842553678681
18	3694	106.155690204255	9.168501577353
18	3708	106.400267332569	9.03775627888
18	3728	107.155690204255	9.988249325368
18	3745	107.400267332569	9.576025382836
18	3759	108.155690204255	9.222508252955
18	3773	108.400267332569	10.571318842344
18	3787	109.155690204255	9.379425220807
18	3804	109.400267332569	11.412977336113
18	3818	110.155690204255	9.050667347057
18	3838	110.400267332569	11.280343194141
18	3858	111.155690204255	9.482763193577
18	3872	111.400267332569	11.965621533286
18	3886	112.155690204255	10.196742221069

